A       C       G       T
60      47      69      53
0      82      40     107
46      41     103      39
77       0     152       0
0     229       0       0
0     229       0       0
171       0      30      28
18     112      99       0
27     144      19      39
229       0       0       0
0       0     229       0
111       0     118       0
0       0     142      87
0       0     229       0
0       0     229       0
36     171       0      22
88       0     127      14
0     135      94       0
37      96      32      64
72      74      70      13
