4095
627
4096
100188792
100126593
6532
100196917
100196912
100188844
7494
8401
100188843
27185
1312
6925
154664
79796
121278
6845
6531
2892
3360
6365
282706
4535
8806
3613
267012
3782
7226
4128
8867
90134
10386
50979
431708
9030
1786
2774
92126
4842
1815
2913
94313
6377
284111
9575
2908
3612
2932
100196913
339896
1814
9248
2558
6908
23327
134860
5443
7504
10771
573
1861
9722
22873
266722
753
7054
1243
6505
3359
1778
59345
2784
6506
387572
6103
1496
4308
79848
57010
5649
392255
142
6507
3832
53335
345193
1605
619493
100188832
50948
677663
7750
1499
9131
6010
30813
478
6324
7157
1600
5116
128408
3769
51764
56992
133584
