3920
2657
10060
7112
131118
1832
1837
6640
84159
6324
1674
51778
287
3762
7804
673
6444
6442
3757
55172
5663
1829
2316
1824
345895
6654
4646
4878
8701
3845
55997
4973
3827
4893
4634
7139
1482
88
6901
9992
6389
7134
7137
4205
5318
6262
6261
64446
23171
55036
83544
2070
11155
8048
3741
23414
7021
55800
4624
4625
4626
137814
7273
27019
783
5573
51422
57057
23389
241
7547
3759
10142
3753
54880
9531
4633
5664
7015
10021
2200
7092
859
182
5781
7414
79188
123872
2626
3728
4607
6330
4838
7168
3784
221421
2218
2697
10008
11216
6899
92579
5350
4000
1756
85366
775
948
8557
6736
70
4040
2702
339829
1804
78987
125972
8997
282996
7405
2006
6331
57158
5894
23022
91624
1767
4851
51314
