6365
27185
8401
8806
6377
8400
100196913
100329170
404686
619488
6378
63944
1312
3084
4095
5625
1813
27184
1814
2066
9739
9378
4524
3782
84062
282706
207
267012
5649
100188832
6854
1116
154664
10243
1786
6595
29801
3356
2902
53826
2730
65078
23209
627
5533
4842
8224
319100
8929
63826
10215
3757
1610
1812
9685
7531
4905
7257
10718
6532
6505
348
9248
85358
449489
1128
5978
54806
54487
4096
2774
7166
1815
10137
23236
9444
9764
5108
3360
3358
338386
81565
64067
9692
23394
161725
7434
4129
22850
1950
351
796
1139
23780
80832
10743
89832
5999
84152
6310
8940
8542
5443
3310
3311
6714
816
1621
5142
9379
9638
2913
9722
90273
140805
4963
50971
4855
5816
5915
6257
6258
2566
2897
886
1270
1816
6531
9097
80833
80831
80830
410
6908
6616
6671
6899
2571
23154
